<?xml version="1.0"?>
<!-- DTD for the XMLBIF 0.3 format -->
<!DOCTYPE BIF [
	<!ELEMENT BIF ( NETWORK )*>
	      <!ATTLIST BIF VERSION CDATA #REQUIRED>
	<!ELEMENT NETWORK ( NAME, ( PROPERTY | VARIABLE | DEFINITION )* )>
	<!ELEMENT NAME (#PCDATA)>
	<!ELEMENT VARIABLE ( NAME, ( OUTCOME |  PROPERTY )* ) >
	      <!ATTLIST VARIABLE TYPE (nature|decision|utility) "nature">
	<!ELEMENT OUTCOME (#PCDATA)>
	<!ELEMENT DEFINITION ( FOR | GIVEN | TABLE | PROPERTY )* >
	<!ELEMENT FOR (#PCDATA)>
	<!ELEMENT GIVEN (#PCDATA)>
	<!ELEMENT TABLE (#PCDATA)>
	<!ELEMENT PROPERTY (#PCDATA)>
]>


<BIF VERSION="0.3">
<NETWORK>
<NAME>celldata-discrete</NAME>
<VARIABLE TYPE="nature">
	<NAME>Heart_Rate</NAME>
	<OUTCOME>(0.886-0.958]</OUTCOME>
	<OUTCOME>(0.958-1.1]</OUTCOME>
	<OUTCOME>(1.1-1.19]</OUTCOME>
	<OUTCOME>(1.19-1.279]</OUTCOME>
	<OUTCOME>(1.279-inf)</OUTCOME>
	<OUTCOME>(-inf-0.886]</OUTCOME>
	<PROPERTY>position = (1602,840)</PROPERTY>
</VARIABLE>
<VARIABLE TYPE="nature">
	<NAME>Mean_HR</NAME>
	<OUTCOME>(-inf-0.951]</OUTCOME>
	<OUTCOME>(0.951-1.022]</OUTCOME>
	<OUTCOME>(1.022-1.093]</OUTCOME>
	<OUTCOME>(1.093-1.182]</OUTCOME>
	<OUTCOME>(1.182-1.342]</OUTCOME>
	<OUTCOME>(1.342-inf)</OUTCOME>
	<PROPERTY>position = (979,336)</PROPERTY>
</VARIABLE>
<VARIABLE TYPE="nature">
	<NAME>Std_HR</NAME>
	<OUTCOME>(1.159-1.883]</OUTCOME>
	<OUTCOME>(0.435-1.159]</OUTCOME>
	<OUTCOME>(1.883-2.608]</OUTCOME>
	<OUTCOME>(2.608-inf)</OUTCOME>
	<OUTCOME>(-inf-0.435]</OUTCOME>
	<PROPERTY>position = (1513,756)</PROPERTY>
</VARIABLE>
<VARIABLE TYPE="nature">
	<NAME>Mean_FD_HR</NAME>
	<OUTCOME>(0.259-0.397]</OUTCOME>
	<OUTCOME>(0.397-0.535]</OUTCOME>
	<OUTCOME>(0.535-inf)</OUTCOME>
	<OUTCOME>(-inf-0.259]</OUTCOME>
	<PROPERTY>position = (1424,840)</PROPERTY>
</VARIABLE>
<VARIABLE TYPE="nature">
	<NAME>Breathing_Rate</NAME>
	<OUTCOME>(0.841-1.172]</OUTCOME>
	<OUTCOME>(1.172-1.448]</OUTCOME>
	<OUTCOME>(0.51-0.841]</OUTCOME>
	<OUTCOME>(1.779-inf)</OUTCOME>
	<OUTCOME>(1.448-1.779]</OUTCOME>
	<OUTCOME>(-inf-0.51]</OUTCOME>
	<PROPERTY>position = (534,756)</PROPERTY>
</VARIABLE>
<VARIABLE TYPE="nature">
	<NAME>Mean_BR</NAME>
	<OUTCOME>(0.981-1.249]</OUTCOME>
	<OUTCOME>(0.658-0.981]</OUTCOME>
	<OUTCOME>(1.249-1.41]</OUTCOME>
	<OUTCOME>(1.41-2.001]</OUTCOME>
	<OUTCOME>(2.001-inf)</OUTCOME>
	<OUTCOME>(-inf-0.658]</OUTCOME>
	<PROPERTY>position = (445,420)</PROPERTY>
</VARIABLE>
<VARIABLE TYPE="nature">
	<NAME>Std_BR</NAME>
	<OUTCOME>(0.58-0.858]</OUTCOME>
	<OUTCOME>(-inf-0.58]</OUTCOME>
	<OUTCOME>(0.858-1.878]</OUTCOME>
	<OUTCOME>(1.878-2.897]</OUTCOME>
	<OUTCOME>(2.897-inf)</OUTCOME>
	<PROPERTY>position = (1691,672)</PROPERTY>
</VARIABLE>
<VARIABLE TYPE="nature">
	<NAME>Mean_FD_BR</NAME>
	<OUTCOME>(0.293-0.397]</OUTCOME>
	<OUTCOME>(0.167-0.293]</OUTCOME>
	<OUTCOME>(0.397-0.523]</OUTCOME>
	<OUTCOME>(0.523-inf)</OUTCOME>
	<OUTCOME>(-inf-0.167]</OUTCOME>
	<PROPERTY>position = (2136,756)</PROPERTY>
</VARIABLE>
<VARIABLE TYPE="nature">
	<NAME>Temperature</NAME>
	<OUTCOME>(0.992-1.003]</OUTCOME>
	<OUTCOME>(1.003-1.015]</OUTCOME>
	<OUTCOME>(1.015-1.031]</OUTCOME>
	<OUTCOME>(-inf-0.992]</OUTCOME>
	<OUTCOME>(1.031-1.043]</OUTCOME>
	<OUTCOME>(1.043-inf)</OUTCOME>
	<PROPERTY>position = (1424,168)</PROPERTY>
</VARIABLE>
<VARIABLE TYPE="nature">
	<NAME>Mean_Temp</NAME>
	<OUTCOME>(0.992-1.004]</OUTCOME>
	<OUTCOME>(1.004-1.02]</OUTCOME>
	<OUTCOME>(-inf-0.992]</OUTCOME>
	<OUTCOME>(1.02-1.036]</OUTCOME>
	<OUTCOME>(1.036-inf)</OUTCOME>
	<PROPERTY>position = (979,84)</PROPERTY>
</VARIABLE>
<VARIABLE TYPE="nature">
	<NAME>Std_Temp</NAME>
	<OUTCOME>(-inf-0.032]</OUTCOME>
	<OUTCOME>(0.032-0.072]</OUTCOME>
	<OUTCOME>(0.072-0.12]</OUTCOME>
	<OUTCOME>(0.12-inf)</OUTCOME>
	<PROPERTY>position = (890,252)</PROPERTY>
</VARIABLE>
<VARIABLE TYPE="nature">
	<NAME>Mean_FD_Temp</NAME>
	<OUTCOME>(-inf-0.094]</OUTCOME>
	<OUTCOME>(0.094-0.282]</OUTCOME>
	<OUTCOME>(0.282-0.517]</OUTCOME>
	<OUTCOME>(0.517-0.752]</OUTCOME>
	<OUTCOME>(0.752-0.988]</OUTCOME>
	<OUTCOME>(0.988-inf)</OUTCOME>
	<PROPERTY>position = (356,420)</PROPERTY>
</VARIABLE>
<VARIABLE TYPE="nature">
	<NAME>RMSSD</NAME>
	<OUTCOME>(0.707-1.307]</OUTCOME>
	<OUTCOME>(1.307-inf)</OUTCOME>
	<OUTCOME>(0.257-0.707]</OUTCOME>
	<OUTCOME>(-inf-0.257]</OUTCOME>
	<PROPERTY>position = (1157,504)</PROPERTY>
</VARIABLE>
<VARIABLE TYPE="nature">
	<NAME>pRR50</NAME>
	<OUTCOME>(0.221-0.362]</OUTCOME>
	<OUTCOME>(0.362-inf)</OUTCOME>
	<OUTCOME>(0.121-0.221]</OUTCOME>
	<OUTCOME>(-inf-0.121]</OUTCOME>
	<PROPERTY>position = (445,672)</PROPERTY>
</VARIABLE>
<VARIABLE TYPE="nature">
	<NAME>SDRR</NAME>
	<OUTCOME>(41.779-91.836]</OUTCOME>
	<OUTCOME>(-inf-41.779]</OUTCOME>
	<OUTCOME>(91.836-inf)</OUTCOME>
	<PROPERTY>position = (1246,672)</PROPERTY>
</VARIABLE>
<VARIABLE TYPE="nature">
	<NAME>SDSD</NAME>
	<OUTCOME>(38.757-80.119]</OUTCOME>
	<OUTCOME>(-inf-38.757]</OUTCOME>
	<OUTCOME>(80.119-inf)</OUTCOME>
	<PROPERTY>position = (979,588)</PROPERTY>
</VARIABLE>
<VARIABLE TYPE="nature">
	<NAME>Prev_Activity</NAME>
	<OUTCOME>Standing</OUTCOME>
	<OUTCOME>Walking</OUTCOME>
	<OUTCOME>Jumping</OUTCOME>
	<OUTCOME>Running</OUTCOME>
	<OUTCOME>Sitting</OUTCOME>
	<OUTCOME>Falling</OUTCOME>
	<OUTCOME>UpDown</OUTCOME>
	<PROPERTY>position = (1602,672)</PROPERTY>
</VARIABLE>
<VARIABLE TYPE="nature">
	<NAME>Curr_Activity</NAME>
	<OUTCOME>Sitting</OUTCOME>
	<OUTCOME>Walking</OUTCOME>
	<OUTCOME>Standing</OUTCOME>
	<OUTCOME>Jumping</OUTCOME>
	<OUTCOME>Running</OUTCOME>
	<OUTCOME>Falling</OUTCOME>
	<OUTCOME>UpDown</OUTCOME>
	<PROPERTY>position = (1513,588)</PROPERTY>
</VARIABLE>
<VARIABLE TYPE="nature">
	<NAME>Activity_Prob</NAME>
	<OUTCOME>(0.8-inf)</OUTCOME>
	<OUTCOME>(0.5-0.8]</OUTCOME>
	<OUTCOME>(0.3-0.5]</OUTCOME>
	<OUTCOME>(-inf-0.3]</OUTCOME>
	<PROPERTY>position = (1869,840)</PROPERTY>
</VARIABLE>
<VARIABLE TYPE="nature">
	<NAME>Activity_Dur</NAME>
	<OUTCOME>(100-inf)</OUTCOME>
	<OUTCOME>(-inf-30]</OUTCOME>
	<OUTCOME>(30-50]</OUTCOME>
	<OUTCOME>(50-100]</OUTCOME>
	<PROPERTY>position = (1780,756)</PROPERTY>
</VARIABLE>
<VARIABLE TYPE="nature">
	<NAME>Stress</NAME>
	<OUTCOME>Stress 0</OUTCOME>
	<OUTCOME>Stress 3</OUTCOME>
	<OUTCOME>Stress 2</OUTCOME>
	<OUTCOME>Stress 4</OUTCOME>
	<OUTCOME>Stress 5</OUTCOME>
	<OUTCOME>Stress 1</OUTCOME>
	<PROPERTY>position = (1513,0)</PROPERTY>
</VARIABLE>
<DEFINITION>
<FOR>Heart_Rate</FOR>
	<GIVEN>Mean_HR</GIVEN>
	<GIVEN>Std_HR</GIVEN>
	<GIVEN>Stress</GIVEN>
<TABLE>
0.5781893004115226 0.15020576131687244 0.00205761316872428 0.00205761316872428 0.00205761316872428 0.2654320987654321 
0.16666666666666666 0.16666666666666666 0.16666666666666666 0.16666666666666666 0.16666666666666666 0.16666666666666666 
0.5909090909090909 0.22727272727272727 0.015151515151515152 0.015151515151515152 0.015151515151515152 0.13636363636363635 
0.16666666666666666 0.16666666666666666 0.16666666666666666 0.16666666666666666 0.16666666666666666 0.16666666666666666 
0.5913461538461539 0.3125 0.004807692307692308 0.004807692307692308 0.004807692307692308 0.08173076923076923 
0.16666666666666666 0.16666666666666666 0.16666666666666666 0.16666666666666666 0.16666666666666666 0.16666666666666666 
0.6688144329896907 0.08376288659793814 0.001288659793814433 0.001288659793814433 0.001288659793814433 0.24355670103092783 
0.16666666666666666 0.16666666666666666 0.16666666666666666 0.16666666666666666 0.16666666666666666 0.16666666666666666 
0.5413223140495868 0.1115702479338843 0.004132231404958678 0.004132231404958678 0.004132231404958678 0.3347107438016529 
0.16666666666666666 0.16666666666666666 0.16666666666666666 0.16666666666666666 0.16666666666666666 0.16666666666666666 
0.860730593607306 0.05707762557077625 0.00228310502283105 0.00228310502283105 0.00228310502283105 0.07534246575342465 
0.16666666666666666 0.16666666666666666 0.16666666666666666 0.16666666666666666 0.16666666666666666 0.16666666666666666 
0.6204819277108434 0.19879518072289157 0.006024096385542169 0.006024096385542169 0.006024096385542169 0.16265060240963855 
0.16666666666666666 0.16666666666666666 0.16666666666666666 0.16666666666666666 0.16666666666666666 0.16666666666666666 
0.3 0.1 0.03333333333333333 0.03333333333333333 0.03333333333333333 0.5 
0.16666666666666666 0.16666666666666666 0.16666666666666666 0.16666666666666666 0.16666666666666666 0.16666666666666666 
0.5769230769230769 0.16666666666666666 0.01282051282051282 0.01282051282051282 0.01282051282051282 0.21794871794871795 
0.16666666666666666 0.16666666666666666 0.16666666666666666 0.16666666666666666 0.16666666666666666 0.16666666666666666 
0.23148148148148148 0.6574074074074074 0.009259259259259259 0.009259259259259259 0.009259259259259259 0.08333333333333333 
0.16666666666666666 0.16666666666666666 0.16666666666666666 0.16666666666666666 0.16666666666666666 0.16666666666666666 
0.07142857142857142 0.6428571428571429 0.07142857142857142 0.07142857142857142 0.07142857142857142 0.07142857142857142 
0.16666666666666666 0.16666666666666666 0.16666666666666666 0.16666666666666666 0.16666666666666666 0.16666666666666666 
0.06818181818181818 0.5681818181818182 0.022727272727272728 0.022727272727272728 0.022727272727272728 0.29545454545454547 
0.16666666666666666 0.16666666666666666 0.16666666666666666 0.16666666666666666 0.16666666666666666 0.16666666666666666 
0.9134615384615384 0.04807692307692308 0.009615384615384616 0.009615384615384616 0.009615384615384616 0.009615384615384616 
0.16666666666666666 0.16666666666666666 0.16666666666666666 0.16666666666666666 0.16666666666666666 0.16666666666666666 
0.27419354838709675 0.016129032258064516 0.016129032258064516 0.016129032258064516 0.016129032258064516 0.6612903225806451 
0.16666666666666666 0.16666666666666666 0.16666666666666666 0.16666666666666666 0.16666666666666666 0.16666666666666666 
0.38235294117647056 0.5 0.029411764705882353 0.029411764705882353 0.029411764705882353 0.029411764705882353 
0.16666666666666666 0.16666666666666666 0.16666666666666666 0.16666666666666666 0.16666666666666666 0.16666666666666666 
0.15962099125364432 0.8374635568513119 7.288629737609329E-4 7.288629737609329E-4 7.288629737609329E-4 7.288629737609329E-4 
0.11052631578947368 0.868421052631579 0.005263157894736842 0.005263157894736842 0.005263157894736842 0.005263157894736842 
0.21084337349397592 0.7650602409638554 0.006024096385542169 0.006024096385542169 0.006024096385542169 0.006024096385542169 
0.0665024630541872 0.9236453201970444 0.0024630541871921183 0.0024630541871921183 0.0024630541871921183 0.0024630541871921183 
0.18074324324324326 0.8125 0.0016891891891891893 0.0016891891891891893 0.0016891891891891893 0.0016891891891891893 
0.009259259259259259 0.9537037037037037 0.009259259259259259 0.009259259259259259 0.009259259259259259 0.009259259259259259 
0.15251989389920426 0.845711759504863 4.420866489832007E-4 4.420866489832007E-4 4.420866489832007E-4 4.420866489832007E-4 
0.04941860465116279 0.938953488372093 0.0029069767441860465 0.0029069767441860465 0.0029069767441860465 0.0029069767441860465 
0.12969924812030076 0.8627819548872181 0.0018796992481203006 0.0018796992481203006 0.0018796992481203006 0.0018796992481203006 
0.0056179775280898875 0.9868913857677902 0.0018726591760299626 0.0018726591760299626 0.0018726591760299626 0.0018726591760299626 
0.09096774193548388 0.9064516129032258 6.451612903225806E-4 6.451612903225806E-4 6.451612903225806E-4 6.451612903225806E-4 
0.0045045045045045045 0.9774774774774775 0.0045045045045045045 0.0045045045045045045 0.0045045045045045045 0.0045045045045045045 
0.22909698996655517 0.7642140468227425 0.0016722408026755853 0.0016722408026755853 0.0016722408026755853 0.0016722408026755853 
0.14 0.78 0.02 0.02 0.02 0.02 
0.15217391304347827 0.7608695652173914 0.021739130434782608 0.021739130434782608 0.021739130434782608 0.021739130434782608 
0.11797752808988764 0.8595505617977528 0.0056179775280898875 0.0056179775280898875 0.0056179775280898875 0.0056179775280898875 
0.4090909090909091 0.5707070707070707 0.005050505050505051 0.005050505050505051 0.005050505050505051 0.005050505050505051 
0.03125 0.84375 0.03125 0.03125 0.03125 0.03125 
0.19578313253012047 0.7560240963855421 0.0391566265060241 0.0030120481927710845 0.0030120481927710845 0.0030120481927710845 
0.125 0.125 0.375 0.125 0.125 0.125 
0.3382352941176471 0.5441176470588235 0.07352941176470588 0.014705882352941176 0.014705882352941176 0.014705882352941176 
0.027777777777777776 0.8611111111111112 0.027777777777777776 0.027777777777777776 0.027777777777777776 0.027777777777777776 
0.2808219178082192 0.6506849315068494 0.04794520547945205 0.00684931506849315 0.00684931506849315 0.00684931506849315 
0.16666666666666666 0.16666666666666666 0.16666666666666666 0.16666666666666666 0.16666666666666666 0.16666666666666666 
0.07211538461538461 0.9086538461538461 0.004807692307692308 0.004807692307692308 0.004807692307692308 0.004807692307692308 
0.027777777777777776 0.8611111111111112 0.027777777777777776 0.027777777777777776 0.027777777777777776 0.027777777777777776 
0.0625 0.6875 0.0625 0.0625 0.0625 0.0625 
0.03333333333333333 0.8333333333333334 0.03333333333333333 0.03333333333333333 0.03333333333333333 0.03333333333333333 
0.05459770114942529 0.9339080459770115 0.0028735632183908046 0.0028735632183908046 0.0028735632183908046 0.0028735632183908046 
0.125 0.375 0.125 0.125 0.125 0.125 
8.992805755395684E-4 0.9361510791366906 0.06025179856115108 8.992805755395684E-4 8.992805755395684E-4 8.992805755395684E-4 
0.0028735632183908046 0.8591954022988506 0.12931034482758622 0.0028735632183908046 0.0028735632183908046 0.0028735632183908046 
0.003048780487804878 0.7896341463414634 0.19817073170731708 0.003048780487804878 0.003048780487804878 0.003048780487804878 
0.0024390243902439024 0.9292682926829269 0.06097560975609756 0.0024390243902439024 0.0024390243902439024 0.0024390243902439024 
0.001694915254237288 0.8593220338983051 0.13389830508474576 0.001694915254237288 0.001694915254237288 0.001694915254237288 
0.004032258064516129 0.9556451612903226 0.028225806451612902 0.004032258064516129 0.004032258064516129 0.004032258064516129 
9.652509652509653E-4 0.9295366795366795 0.06660231660231661 9.652509652509653E-4 9.652509652509653E-4 9.652509652509653E-4 
0.001075268817204301 0.9580645161290322 0.03763440860215054 0.001075268817204301 0.001075268817204301 0.001075268817204301 
7.911392405063291E-4 0.9596518987341772 0.037183544303797465 7.911392405063291E-4 7.911392405063291E-4 7.911392405063291E-4 
0.001160092807424594 0.9872389791183295 0.008120649651972157 0.001160092807424594 0.001160092807424594 0.001160092807424594 
5.733944954128441E-4 0.9799311926605505 0.017775229357798166 5.733944954128441E-4 5.733944954128441E-4 5.733944954128441E-4 
0.002304147465437788 0.9746543778801844 0.016129032258064516 0.002304147465437788 0.002304147465437788 0.002304147465437788 
0.0017793594306049821 0.8985765124555161 0.09430604982206406 0.0017793594306049821 0.0017793594306049821 0.0017793594306049821 
0.017857142857142856 0.8035714285714286 0.125 0.017857142857142856 0.017857142857142856 0.017857142857142856 
0.007936507936507936 0.6904761904761905 0.2777777777777778 0.007936507936507936 0.007936507936507936 0.007936507936507936 
0.00847457627118644 0.652542372881356 0.3135593220338983 0.00847457627118644 0.00847457627118644 0.00847457627118644 
0.004132231404958678 0.7644628099173554 0.2190082644628099 0.004132231404958678 0.004132231404958678 0.004132231404958678 
0.02 0.74 0.18 0.02 0.02 0.02 
0.007177033492822967 0.7057416267942583 0.26555023923444976 0.01674641148325359 0.0023923444976076554 0.0023923444976076554 
0.045454545454545456 0.3181818181818182 0.5 0.045454545454545456 0.045454545454545456 0.045454545454545456 
0.05737704918032787 0.6475409836065574 0.27049180327868855 0.00819672131147541 0.00819672131147541 0.00819672131147541 
0.027777777777777776 0.5833333333333334 0.3055555555555556 0.027777777777777776 0.027777777777777776 0.027777777777777776 
0.06875 0.46875 0.43125 0.01875 0.00625 0.00625 
0.1 0.5 0.1 0.1 0.1 0.1 
0.02631578947368421 0.868421052631579 0.02631578947368421 0.02631578947368421 0.02631578947368421 0.02631578947368421 
0.017241379310344827 0.9137931034482759 0.017241379310344827 0.017241379310344827 0.017241379310344827 0.017241379310344827 
0.007352941176470588 0.9632352941176471 0.007352941176470588 0.007352941176470588 0.007352941176470588 0.007352941176470588 
0.0125 0.9375 0.0125 0.0125 0.0125 0.0125 
0.005050505050505051 0.9747474747474747 0.005050505050505051 0.005050505050505051 0.005050505050505051 0.005050505050505051 
0.03571428571428571 0.8214285714285714 0.03571428571428571 0.03571428571428571 0.03571428571428571 0.03571428571428571 
0.0020408163265306124 0.23877551020408164 0.6551020408163265 0.1 0.0020408163265306124 0.0020408163265306124 
0.003105590062111801 0.27639751552795033 0.6304347826086957 0.08385093167701864 0.003105590062111801 0.003105590062111801 
0.00267379679144385 0.2647058823529412 0.660427807486631 0.06684491978609626 0.00267379679144385 0.00267379679144385 
0.006024096385542169 0.22289156626506024 0.6566265060240963 0.10240963855421686 0.006024096385542169 0.006024096385542169 
0.0035971223021582736 0.4784172661870504 0.4856115107913669 0.025179856115107913 0.0035971223021582736 0.0035971223021582736 
0.010416666666666666 0.17708333333333334 0.59375 0.19791666666666666 0.010416666666666666 0.010416666666666666 
0.0017123287671232876 0.1523972602739726 0.7345890410958904 0.10787671232876712 0.0017123287671232876 0.0017123287671232876 
0.0012853470437017994 0.14781491002570693 0.8136246786632391 0.03470437017994859 0.0012853470437017994 0.0012853470437017994 
0.0012376237623762376 0.1349009900990099 0.8551980198019802 0.006188118811881188 0.0012376237623762376 0.0012376237623762376 
0.0018050541516245488 0.09566787003610108 0.8646209386281588 0.03429602888086643 0.0018050541516245488 0.0018050541516245488 
0.0016778523489932886 0.25 0.7265100671140939 0.018456375838926176 0.0016778523489932886 0.0016778523489932886 
0.019230769230769232 0.019230769230769232 0.9038461538461539 0.019230769230769232 0.019230769230769232 0.019230769230769232 
0.004201680672268907 0.29831932773109243 0.5168067226890757 0.1722689075630252 0.004201680672268907 0.004201680672268907 
0.006097560975609756 0.31097560975609756 0.6036585365853658 0.06707317073170732 0.006097560975609756 0.006097560975609756 
0.006024096385542169 0.22289156626506024 0.6204819277108434 0.13855421686746988 0.006024096385542169 0.006024096385542169 
0.01282051282051282 0.4230769230769231 0.5 0.038461538461538464 0.01282051282051282 0.01282051282051282 
0.007042253521126761 0.2605633802816901 0.5140845070422535 0.20422535211267606 0.007042253521126761 0.007042253521126761 
0.018518518518518517 0.2037037037037037 0.5740740740740741 0.16666666666666666 0.018518518518518517 0.018518518518518517 
0.005319148936170213 0.31382978723404253 0.19680851063829788 0.4095744680851064 0.06914893617021277 0.005319148936170213 
0.019230769230769232 0.17307692307692307 0.3269230769230769 0.4423076923076923 0.019230769230769232 0.019230769230769232 
0.008928571428571428 0.45535714285714285 0.38392857142857145 0.13392857142857142 0.008928571428571428 0.008928571428571428 
0.012195121951219513 0.32926829268292684 0.47560975609756095 0.15853658536585366 0.012195121951219513 0.012195121951219513 
0.012195121951219513 0.18292682926829268 0.4268292682926829 0.35365853658536583 0.012195121951219513 0.012195121951219513 
0.027777777777777776 0.3611111111111111 0.4722222222222222 0.08333333333333333 0.027777777777777776 0.027777777777777776 
0.045454545454545456 0.045454545454545456 0.7727272727272727 0.045454545454545456 0.045454545454545456 0.045454545454545456 
0.00819672131147541 0.10655737704918032 0.860655737704918 0.00819672131147541 0.00819672131147541 0.00819672131147541 
0.008771929824561403 0.23684210526315788 0.7280701754385965 0.008771929824561403 0.008771929824561403 0.008771929824561403 
0.018518518518518517 0.018518518518518517 0.9074074074074074 0.018518518518518517 0.018518518518518517 0.018518518518518517 
0.009433962264150943 0.10377358490566038 0.8584905660377359 0.009433962264150943 0.009433962264150943 0.009433962264150943 
0.08333333333333333 0.08333333333333333 0.5833333333333334 0.08333333333333333 0.08333333333333333 0.08333333333333333 
9.090909090909091E-4 9.090909090909091E-4 0.11 0.5954545454545455 0.2918181818181818 9.090909090909091E-4 
0.0022727272727272726 0.0022727272727272726 0.0659090909090909 0.47045454545454546 0.45681818181818185 0.0022727272727272726 
0.002183406113537118 0.002183406113537118 0.10262008733624454 0.7183406113537117 0.17248908296943233 0.002183406113537118 
0.0031847133757961785 0.0031847133757961785 0.06687898089171974 0.5573248407643312 0.3662420382165605 0.0031847133757961785 
0.002793296089385475 0.002793296089385475 0.12011173184357542 0.6061452513966481 0.26536312849162014 0.002793296089385475 
0.014285714285714285 0.014285714285714285 0.35714285714285715 0.5285714285714286 0.07142857142857142 0.014285714285714285 
5.055611729019212E-4 5.055611729019212E-4 0.04398382204246714 0.6617795753286148 0.29271991911021233 5.055611729019212E-4 
8.576329331046312E-4 8.576329331046312E-4 0.024871355060034305 0.5 0.4725557461406518 8.576329331046312E-4 
0.0010204081632653062 0.0010204081632653062 0.07653061224489796 0.6989795918367347 0.22142857142857142 0.0010204081632653062 
0.0016611295681063123 0.0016611295681063123 0.061461794019933555 0.4833887043189369 0.45016611295681064 0.0016611295681063123 
0.001006036217303823 0.001006036217303823 0.05734406438631791 0.7112676056338029 0.2283702213279678 0.001006036217303823 
0.05555555555555555 0.05555555555555555 0.2777777777777778 0.5 0.05555555555555555 0.05555555555555555 
0.0036496350364963502 0.0036496350364963502 0.23722627737226276 0.4416058394160584 0.3102189781021898 0.0036496350364963502 
0.005434782608695652 0.005434782608695652 0.15760869565217392 0.5597826086956522 0.266304347826087 0.005434782608695652 
0.0078125 0.0078125 0.1171875 0.6640625 0.1953125 0.0078125 
0.008333333333333333 0.008333333333333333 0.14166666666666666 0.35833333333333334 0.475 0.008333333333333333 
0.005747126436781609 0.005747126436781609 0.23563218390804597 0.5344827586206896 0.21264367816091953 0.005747126436781609 
0.041666666666666664 0.041666666666666664 0.20833333333333334 0.625 0.041666666666666664 0.041666666666666664 
0.004901960784313725 0.024509803921568627 0.20098039215686275 0.06372549019607843 0.7009803921568627 0.004901960784313725 
0.015625 0.015625 0.359375 0.265625 0.328125 0.015625 
0.05 0.05 0.75 0.05 0.05 0.05 
0.018518518518518517 0.018518518518518517 0.3148148148148148 0.2777777777777778 0.35185185185185186 0.018518518518518517 
0.0125 0.0125 0.4125 0.3625 0.1875 0.0125 
0.16666666666666666 0.16666666666666666 0.16666666666666666 0.16666666666666666 0.16666666666666666 0.16666666666666666 
0.003937007874015748 0.003937007874015748 0.01968503937007874 0.6653543307086615 0.3031496062992126 0.003937007874015748 
0.025 0.025 0.025 0.475 0.425 0.025 
0.007936507936507936 0.007936507936507936 0.023809523809523808 0.6111111111111112 0.3412698412698413 0.007936507936507936 
0.016666666666666666 0.016666666666666666 0.016666666666666666 0.75 0.18333333333333332 0.016666666666666666 
0.0078125 0.0078125 0.0078125 0.8046875 0.1640625 0.0078125 
0.16666666666666666 0.16666666666666666 0.16666666666666666 0.16666666666666666 0.16666666666666666 0.16666666666666666 
4.975124378109452E-4 4.975124378109452E-4 4.975124378109452E-4 4.975124378109452E-4 0.9975124378109452 4.975124378109452E-4 
0.002512562814070352 0.002512562814070352 0.002512562814070352 0.002512562814070352 0.9874371859296482 0.002512562814070352 
0.016666666666666666 0.016666666666666666 0.016666666666666666 0.016666666666666666 0.9166666666666666 0.016666666666666666 
0.0019157088122605363 0.0019157088122605363 0.0019157088122605363 0.0019157088122605363 0.9904214559386973 0.0019157088122605363 
0.008333333333333333 0.008333333333333333 0.008333333333333333 0.008333333333333333 0.9583333333333334 0.008333333333333333 
0.16666666666666666 0.16666666666666666 0.16666666666666666 0.16666666666666666 0.16666666666666666 0.16666666666666666 
1.3970382788488405E-4 1.3970382788488405E-4 1.3970382788488405E-4 1.3970382788488405E-4 0.9993014808605756 1.3970382788488405E-4 
7.656967840735069E-4 7.656967840735069E-4 7.656967840735069E-4 7.656967840735069E-4 0.9961715160796325 7.656967840735069E-4 
0.009433962264150943 0.009433962264150943 0.009433962264150943 0.009433962264150943 0.9528301886792453 0.009433962264150943 
8.103727714748784E-4 8.103727714748784E-4 8.103727714748784E-4 8.103727714748784E-4 0.9959481361426256 8.103727714748784E-4 
0.008064516129032258 0.008064516129032258 0.008064516129032258 0.008064516129032258 0.9596774193548387 0.008064516129032258 
0.16666666666666666 0.16666666666666666 0.16666666666666666 0.16666666666666666 0.16666666666666666 0.16666666666666666 
0.0012376237623762376 0.0012376237623762376 0.0012376237623762376 0.0012376237623762376 0.9938118811881188 0.0012376237623762376 
0.007692307692307693 0.007692307692307693 0.007692307692307693 0.007692307692307693 0.9615384615384616 0.007692307692307693 
0.16666666666666666 0.16666666666666666 0.16666666666666666 0.16666666666666666 0.16666666666666666 0.16666666666666666 
0.013157894736842105 0.013157894736842105 0.013157894736842105 0.013157894736842105 0.9342105263157895 0.013157894736842105 
0.03333333333333333 0.03333333333333333 0.03333333333333333 0.03333333333333333 0.8333333333333334 0.03333333333333333 
0.16666666666666666 0.16666666666666666 0.16666666666666666 0.16666666666666666 0.16666666666666666 0.16666666666666666 
8.756567425569177E-4 8.756567425569177E-4 8.756567425569177E-4 0.0043782837127845885 0.9921190893169878 8.756567425569177E-4 
0.010638297872340425 0.010638297872340425 0.010638297872340425 0.010638297872340425 0.9468085106382979 0.010638297872340425 
0.16666666666666666 0.16666666666666666 0.16666666666666666 0.16666666666666666 0.16666666666666666 0.16666666666666666 
0.010416666666666666 0.010416666666666666 0.010416666666666666 0.09375 0.8645833333333334 0.010416666666666666 
0.010638297872340425 0.010638297872340425 0.010638297872340425 0.05319148936170213 0.9042553191489362 0.010638297872340425 
0.16666666666666666 0.16666666666666666 0.16666666666666666 0.16666666666666666 0.16666666666666666 0.16666666666666666 
6.337135614702154E-4 6.337135614702154E-4 6.337135614702154E-4 6.337135614702154E-4 0.9968314321926489 6.337135614702154E-4 
0.0078125 0.0078125 0.0078125 0.0078125 0.9609375 0.0078125 
0.08333333333333333 0.08333333333333333 0.08333333333333333 0.08333333333333333 0.5833333333333334 0.08333333333333333 
0.0056179775280898875 0.0056179775280898875 0.0056179775280898875 0.0056179775280898875 0.9719101123595506 0.0056179775280898875 
0.0625 0.0625 0.0625 0.0625 0.6875 0.0625 
0.16666666666666666 0.16666666666666666 0.16666666666666666 0.16666666666666666 0.16666666666666666 0.16666666666666666 
</TABLE>
</DEFINITION>
<DEFINITION>
<FOR>Mean_HR</FOR>
	<GIVEN>Stress</GIVEN>
	<GIVEN>Temperature</GIVEN>
	<GIVEN>Std_Temp</GIVEN>
	<GIVEN>Mean_Temp</GIVEN>
<TABLE>
0.06932773109243698 0.6953781512605042 0.15336134453781514 0.07773109243697479 0.0021008403361344537 0.0021008403361344537 
0.08333333333333333 0.4166666666666667 0.08333333333333333 0.08333333333333333 0.25 0.08333333333333333 
0.08333333333333333 0.08333333333333333 0.08333333333333333 0.08333333333333333 0.08333333333333333 0.5833333333333334 
0.16666666666666666 0.16666666666666666 0.16666666666666666 0.16666666666666666 0.16666666666666666 0.16666666666666666 
0.16666666666666666 0.16666666666666666 0.16666666666666666 0.16666666666666666 0.16666666666666666 0.16666666666666666 
0.10383944153577661 0.4767306573589296 0.15852239674229204 0.03810354857475276 0.11023851076207097 0.112565445026178 
0.019230769230769232 0.25 0.057692307692307696 0.057692307692307696 0.4807692307692308 0.1346153846153846 
0.04205607476635514 0.3037383177570093 0.40654205607476634 0.0514018691588785 0.004672897196261682 0.19158878504672897 
0.16666666666666666 0.16666666666666666 0.16666666666666666 0.16666666666666666 0.16666666666666666 0.16666666666666666 
0.16666666666666666 0.16666666666666666 0.16666666666666666 0.16666666666666666 0.16666666666666666 0.16666666666666666 
0.1374223602484472 0.22748447204968944 0.04736024844720497 0.011645962732919254 0.017857142857142856 0.5582298136645962 
0.004347826086956522 0.004347826086956522 0.04782608695652174 0.004347826086956522 0.05652173913043478 0.8826086956521739 
0.06 0.46 0.006666666666666667 0.006666666666666667 0.006666666666666667 0.46 
0.16666666666666666 0.16666666666666666 0.16666666666666666 0.16666666666666666 0.16666666666666666 0.16666666666666666 
0.16666666666666666 0.16666666666666666 0.16666666666666666 0.16666666666666666 0.16666666666666666 0.16666666666666666 
0.03642384105960265 0.10264900662251655 0.04966887417218543 0.06291390728476821 0.016556291390728478 0.7317880794701986 
0.004347826086956522 0.12608695652173912 0.013043478260869565 0.004347826086956522 0.030434782608695653 0.8217391304347826 
0.19117647058823528 0.31862745098039214 0.25980392156862747 0.004901960784313725 0.004901960784313725 0.22058823529411764 
0.16666666666666666 0.16666666666666666 0.16666666666666666 0.16666666666666666 0.16666666666666666 0.16666666666666666 
0.16666666666666666 0.16666666666666666 0.16666666666666666 0.16666666666666666 0.16666666666666666 0.16666666666666666 
0.017857142857142856 0.7678571428571429 0.16071428571428573 0.017857142857142856 0.017857142857142856 0.017857142857142856 
0.038461538461538464 0.5256410256410257 0.21794871794871795 0.01282051282051282 0.038461538461538464 0.16666666666666666 
0.16666666666666666 0.16666666666666666 0.16666666666666666 0.16666666666666666 0.16666666666666666 0.16666666666666666 
0.16666666666666666 0.16666666666666666 0.16666666666666666 0.16666666666666666 0.16666666666666666 0.16666666666666666 
0.16666666666666666 0.16666666666666666 0.16666666666666666 0.16666666666666666 0.16666666666666666 0.16666666666666666 
0.007246376811594203 0.6217391304347826 0.2536231884057971 0.04492753623188406 0.021739130434782608 0.050724637681159424 
0.02928094885100074 0.21608598962194217 0.13602668643439586 0.15011119347664936 0.10266864343958487 0.36582653817642696 
0.16666666666666666 0.16666666666666666 0.16666666666666666 0.16666666666666666 0.16666666666666666 0.16666666666666666 
0.08333333333333333 0.08333333333333333 0.08333333333333333 0.08333333333333333 0.08333333333333333 0.5833333333333334 
0.16666666666666666 0.16666666666666666 0.16666666666666666 0.16666666666666666 0.16666666666666666 0.16666666666666666 
0.08908045977011494 0.16954022988505746 0.16954022988505746 0.07183908045977011 0.22126436781609196 0.27873563218390807 
0.14504504504504503 0.006306306306306306 0.062162162162162166 0.11081081081081082 0.047747747747747746 0.627927927927928 
0.16666666666666666 0.16666666666666666 0.16666666666666666 0.16666666666666666 0.16666666666666666 0.16666666666666666 
0.05 0.05 0.05 0.05 0.05 0.75 
0.16666666666666666 0.16666666666666666 0.16666666666666666 0.16666666666666666 0.16666666666666666 0.16666666666666666 
0.3672566371681416 0.3938053097345133 0.004424778761061947 0.004424778761061947 0.004424778761061947 0.22566371681415928 
0.09060402684563758 0.003355704697986577 0.14429530201342283 0.07046979865771812 0.003355704697986577 0.6879194630872483 
0.16666666666666666 0.16666666666666666 0.16666666666666666 0.16666666666666666 0.16666666666666666 0.16666666666666666 
0.009615384615384616 0.009615384615384616 0.009615384615384616 0.009615384615384616 0.009615384615384616 0.9519230769230769 
0.16666666666666666 0.16666666666666666 0.16666666666666666 0.16666666666666666 0.16666666666666666 0.16666666666666666 
0.16666666666666666 0.16666666666666666 0.16666666666666666 0.16666666666666666 0.16666666666666666 0.16666666666666666 
0.16666666666666666 0.16666666666666666 0.16666666666666666 0.16666666666666666 0.16666666666666666 0.16666666666666666 
0.16666666666666666 0.16666666666666666 0.16666666666666666 0.16666666666666666 0.16666666666666666 0.16666666666666666 
0.8529411764705882 0.029411764705882353 0.029411764705882353 0.029411764705882353 0.029411764705882353 0.029411764705882353 
0.16666666666666666 0.16666666666666666 0.16666666666666666 0.16666666666666666 0.16666666666666666 0.16666666666666666 
0.16666666666666666 0.16666666666666666 0.16666666666666666 0.16666666666666666 0.16666666666666666 0.16666666666666666 
0.02586206896551724 0.008620689655172414 0.02586206896551724 0.0603448275862069 0.008620689655172414 0.8706896551724138 
0.16666666666666666 0.16666666666666666 0.16666666666666666 0.16666666666666666 0.16666666666666666 0.16666666666666666 
0.5054347826086957 0.005434782608695652 0.005434782608695652 0.005434782608695652 0.016304347826086956 0.46195652173913043 
0.125 0.125 0.125 0.375 0.125 0.125 
0.125 0.125 0.375 0.125 0.125 0.125 
0.46062992125984253 0.2874015748031496 0.01968503937007874 0.003937007874015748 0.003937007874015748 0.22440944881889763 
0.16666666666666666 0.16666666666666666 0.16666666666666666 0.16666666666666666 0.16666666666666666 0.16666666666666666 
0.1099290780141844 0.16666666666666666 0.12411347517730496 0.0035460992907801418 0.08156028368794327 0.5141843971631206 
0.05555555555555555 0.05555555555555555 0.05555555555555555 0.6111111111111112 0.16666666666666666 0.05555555555555555 
0.038461538461538464 0.8076923076923077 0.038461538461538464 0.038461538461538464 0.038461538461538464 0.038461538461538464 
0.05474452554744526 0.3248175182481752 0.17153284671532848 0.0036496350364963502 0.0036496350364963502 0.4416058394160584 
0.16666666666666666 0.16666666666666666 0.16666666666666666 0.16666666666666666 0.16666666666666666 0.16666666666666666 
0.0025380710659898475 0.02284263959390863 0.11928934010152284 0.0025380710659898475 0.08375634517766498 0.7690355329949239 
0.012195121951219513 0.012195121951219513 0.012195121951219513 0.012195121951219513 0.23170731707317074 0.7195121951219512 
0.16666666666666666 0.16666666666666666 0.16666666666666666 0.16666666666666666 0.16666666666666666 0.16666666666666666 
0.16666666666666666 0.16666666666666666 0.16666666666666666 0.16666666666666666 0.16666666666666666 0.16666666666666666 
0.18 0.06 0.044 0.036 0.34 0.34 
0.16666666666666666 0.16666666666666666 0.16666666666666666 0.16666666666666666 0.16666666666666666 0.16666666666666666 
0.16666666666666666 0.16666666666666666 0.16666666666666666 0.16666666666666666 0.16666666666666666 0.16666666666666666 
0.125 0.125 0.125 0.125 0.125 0.375 
0.16666666666666666 0.16666666666666666 0.16666666666666666 0.16666666666666666 0.16666666666666666 0.16666666666666666 
6.019261637239165E-4 0.010232744783306581 0.030698234349919744 0.08326645264847513 0.2855136436597111 0.5896869983948636 
0.16666666666666666 0.16666666666666666 0.16666666666666666 0.16666666666666666 0.16666666666666666 0.16666666666666666 
0.16666666666666666 0.16666666666666666 0.16666666666666666 0.16666666666666666 0.16666666666666666 0.16666666666666666 
0.013157894736842105 0.06578947368421052 0.013157894736842105 0.013157894736842105 0.013157894736842105 0.881578947368421 
0.16666666666666666 0.16666666666666666 0.16666666666666666 0.16666666666666666 0.16666666666666666 0.16666666666666666 
0.06066314996232103 0.09005275056518462 0.011680482290881688 0.011680482290881688 0.10663149962321025 0.7192916352675207 
0.16666666666666666 0.16666666666666666 0.16666666666666666 0.16666666666666666 0.16666666666666666 0.16666666666666666 
0.16666666666666666 0.16666666666666666 0.16666666666666666 0.16666666666666666 0.16666666666666666 0.16666666666666666 
0.0056179775280898875 0.03932584269662921 0.19662921348314608 0.0056179775280898875 0.0056179775280898875 0.7471910112359551 
0.05555555555555555 0.05555555555555555 0.05555555555555555 0.05555555555555555 0.05555555555555555 0.7222222222222222 
0.037694974003466206 0.03422876949740035 0.037694974003466206 0.009098786828422877 0.05155979202772964 0.8297227036395147 
0.16666666666666666 0.16666666666666666 0.16666666666666666 0.16666666666666666 0.16666666666666666 0.16666666666666666 
0.16666666666666666 0.16666666666666666 0.16666666666666666 0.16666666666666666 0.16666666666666666 0.16666666666666666 
0.16666666666666666 0.16666666666666666 0.16666666666666666 0.16666666666666666 0.16666666666666666 0.16666666666666666 
0.16666666666666666 0.16666666666666666 0.16666666666666666 0.16666666666666666 0.16666666666666666 0.16666666666666666 
0.16666666666666666 0.16666666666666666 0.16666666666666666 0.16666666666666666 0.16666666666666666 0.16666666666666666 
0.16666666666666666 0.16666666666666666 0.16666666666666666 0.16666666666666666 0.16666666666666666 0.16666666666666666 
0.16666666666666666 0.16666666666666666 0.16666666666666666 0.16666666666666666 0.16666666666666666 0.16666666666666666 
0.16666666666666666 0.16666666666666666 0.16666666666666666 0.16666666666666666 0.16666666666666666 0.16666666666666666 
0.16666666666666666 0.16666666666666666 0.16666666666666666 0.16666666666666666 0.16666666666666666 0.16666666666666666 
0.16666666666666666 0.16666666666666666 0.16666666666666666 0.16666666666666666 0.16666666666666666 0.16666666666666666 
0.05555555555555555 0.05555555555555555 0.05555555555555555 0.05555555555555555 0.7222222222222222 0.05555555555555555 
0.0020325203252032522 0.0020325203252032522 0.0020325203252032522 0.06300813008130081 0.9288617886178862 0.0020325203252032522 
0.16666666666666666 0.16666666666666666 0.16666666666666666 0.16666666666666666 0.16666666666666666 0.16666666666666666 
0.16666666666666666 0.16666666666666666 0.16666666666666666 0.16666666666666666 0.16666666666666666 0.16666666666666666 
0.16666666666666666 0.16666666666666666 0.16666666666666666 0.16666666666666666 0.16666666666666666 0.16666666666666666 
0.2916666666666667 0.625 0.041666666666666664 0.013888888888888888 0.013888888888888888 0.013888888888888888 
0.02 0.02 0.02 0.02 0.9 0.02 
0.16666666666666666 0.16666666666666666 0.16666666666666666 0.16666666666666666 0.16666666666666666 0.16666666666666666 
0.019230769230769232 0.09615384615384616 0.6346153846153846 0.019230769230769232 0.019230769230769232 0.21153846153846154 
0.16666666666666666 0.16666666666666666 0.16666666666666666 0.16666666666666666 0.16666666666666666 0.16666666666666666 
0.016666666666666666 0.45 0.18333333333333332 0.016666666666666666 0.016666666666666666 0.31666666666666665 
0.02631578947368421 0.02631578947368421 0.02631578947368421 0.4473684210526316 0.4473684210526316 0.02631578947368421 
0.16666666666666666 0.16666666666666666 0.16666666666666666 0.16666666666666666 0.16666666666666666 0.16666666666666666 
0.16666666666666666 0.16666666666666666 0.16666666666666666 0.16666666666666666 0.16666666666666666 0.16666666666666666 
0.16666666666666666 0.16666666666666666 0.16666666666666666 0.16666666666666666 0.16666666666666666 0.16666666666666666 
0.16666666666666666 0.16666666666666666 0.16666666666666666 0.16666666666666666 0.16666666666666666 0.16666666666666666 
0.16666666666666666 0.16666666666666666 0.16666666666666666 0.16666666666666666 0.16666666666666666 0.16666666666666666 
0.16666666666666666 0.16666666666666666 0.16666666666666666 0.16666666666666666 0.16666666666666666 0.16666666666666666 
0.16666666666666666 0.16666666666666666 0.16666666666666666 0.16666666666666666 0.16666666666666666 0.16666666666666666 
0.16666666666666666 0.16666666666666666 0.16666666666666666 0.16666666666666666 0.16666666666666666 0.16666666666666666 
0.16666666666666666 0.16666666666666666 0.16666666666666666 0.16666666666666666 0.16666666666666666 0.16666666666666666 
5.543237250554324E-4 0.09368070953436806 0.4240576496674058 0.021618625277161862 0.17904656319290466 0.28104212860310424 
0.16666666666666666 0.16666666666666666 0.16666666666666666 0.16666666666666666 0.16666666666666666 0.16666666666666666 
